





总开关： 		    55 AA 06 00 73 31 02 01 01 A7 17


进入冲洗水界面：	 55 AA 05 00 73 31 02 02 A4 CB
冲吸水界面（暂停）	 55 AA 06 00 73 32 02 10 00 73 DA
冲吸水界面（开启）	 55 AA 06 00 73 32 02 10 01 B3 1B
吸水手柄控制(暂停)	 55 AA 06 00 73 32 02 11 00 E3 DB
吸水手柄控制(开启)   55 AA 06 00 73 32 02 11 01 23 1A
喷水手柄控制(暂停)	 55 AA 06 00 73 32 02 12 00 13 DB
喷水手柄控制(开启)	 55 AA 06 00 73 32 02 12 01 D3 1A
喷水手柄挡位0        55 AA 06 00 73 32 02 13 00 83 DA
喷水手柄挡位1        55 AA 06 00 73 32 02 13 01 43 1B
喷水手柄挡位2        55 AA 06 00 73 32 02 13 02 42 5B
喷水手柄挡位3        55 AA 06 00 73 32 02 13 03 82 9A
喷水手柄挡位4        55 AA 06 00 73 32 02 13 04 40 DB
 



进入清洁界面：         55 AA 05 00 73 31 02 03 64 0A
清洁界面子开关（开）   55 AA 06 00 73 32 02 20 01 B3 0F
清洁界面子开关（关）   55 AA 06 00 73 32 02 20 00 73 CE
选择A瓶-1             55 AA 06 00 73 32 02 21 01 23 0E
选择A瓶-0             55 AA 06 00 73 32 02 21 00 E3 CF
选择B瓶-1             55 AA 06 00 73 32 02 22 01 D3 0E
选择B瓶-0             55 AA 06 00 73 32 02 22 00 13 CF
流量选择0            55 AA 06 00 73 32 02 23 00 83 CE
流量选择1            55 AA 06 00 73 32 02 23 01 43 0F
流量选择2            55 AA 06 00 73 32 02 23 02 42 4F
流量选择3            55 AA 06 00 73 32 02 23 03 82 8E
流量选择4            55 AA 06 00 73 32 02 23 04 40 CF

进入水光界面：       55 AA 05 00 73 31 02 04 A6 4B
水光界面子开关（开） 55 AA 06 00 73 32 02 30 01 73 02
水光界面子开关（关） 55 AA 06 00 73 32 02 30 00 B3 C3
喷射间隔挡位0       55 AA 06 00 73 32 02 31 00 23 C2
喷射间隔挡位1       55 AA 06 00 73 32 02 31 01 E3 03
喷射间隔挡位2       55 AA 06 00 73 32 02 31 02 E2 43
喷射间隔挡位5       55 AA 06 00 73 32 02 31 05 20 02



药液流量0           55 AA 06 00 73 32 02 32 00 D3 C2
药业流量1           55 AA 06 00 73 32 02 32 01 13 03
药业流量2           55 AA 06 00 73 32 02 32 02 12 43
药业流量4           55 AA 06 00 73 32 02 32 04 10 C3


喷射力度0           55 AA 06 00 73 32 02 33 00 43 C3
喷射力度1           55 AA 06 00 73 32 02 33 01 83 02
喷射力度2           55 AA 06 00 73 32 02 33 02 82 42


目前配置了抢占优先级的有：
TIM2    --> 优先级组4，抢占优先级6
USART1  --> 优先级组4，抢占优先级2